   2.0000000000000000e+03
   2.2800000000000000e+03
   2.5600000000000000e+03
   2.8400000000000000e+03
   3.1200000000000000e+03
   3.4000000000000000e+03
   3.6800000000000000e+03
   3.9600000000000000e+03
   4.2400000000000000e+03
   4.5200000000000000e+03
   4.8000000000000000e+03
   5.0800000000000000e+03
   5.3600000000000000e+03
   5.6400000000000000e+03
   5.9200000000000000e+03
   6.2000000000000000e+03
   6.4800000000000000e+03
   6.7600000000000000e+03
   7.0400000000000000e+03
   7.3200000000000000e+03
   7.6000000000000000e+03
   7.8800000000000000e+03
   8.1600000000000000e+03
   8.4400000000000000e+03
   8.7200000000000000e+03
   9.0000000000000000e+03
   9.2800000000000000e+03
   9.5600000000000000e+03
   9.8400000000000000e+03
   1.0120000000000000e+04
   1.0400000000000000e+04
   1.0680000000000000e+04
   1.0960000000000000e+04
   1.1240000000000000e+04
   1.1520000000000000e+04
   1.1800000000000000e+04
   1.2080000000000000e+04
   1.2360000000000000e+04
   1.2640000000000000e+04
   1.2920000000000000e+04
   1.3200000000000000e+04
   1.3480000000000000e+04
   1.3760000000000000e+04
   1.4040000000000000e+04
   1.4320000000000000e+04
   1.4600000000000000e+04
   1.4880000000000000e+04
   1.5160000000000000e+04
   1.5440000000000000e+04
   1.5720000000000000e+04
   1.6000000000000000e+04
   1.6280000000000000e+04
   1.6560000000000000e+04
   1.6840000000000000e+04
   1.7120000000000000e+04
   1.7400000000000000e+04
   1.7680000000000000e+04
   1.7960000000000000e+04
   1.8240000000000000e+04
   1.8520000000000000e+04
   1.8800000000000000e+04
   1.9080000000000000e+04
   1.9360000000000000e+04
   1.9640000000000000e+04
   1.9920000000000000e+04
   2.0200000000000000e+04
   2.0480000000000000e+04
   2.0760000000000000e+04
   2.1040000000000000e+04
   2.1320000000000000e+04
   2.1600000000000000e+04
   2.1880000000000000e+04
   2.2160000000000000e+04
   2.2440000000000000e+04
   2.2720000000000000e+04
   2.3000000000000000e+04
   2.3280000000000000e+04
   2.3560000000000000e+04
   2.3840000000000000e+04
   2.4120000000000000e+04
   2.4400000000000000e+04
   2.4680000000000000e+04
   2.4960000000000000e+04
   2.5240000000000000e+04
   2.5520000000000000e+04
   2.5800000000000000e+04
   2.6080000000000000e+04
   2.6360000000000000e+04
   2.6640000000000000e+04
   2.6920000000000000e+04
   2.7200000000000000e+04
   2.7480000000000000e+04
   2.7760000000000000e+04
   2.8040000000000000e+04
   2.8320000000000000e+04
   2.8600000000000000e+04
   2.8880000000000000e+04
   2.9160000000000000e+04
   2.9440000000000000e+04
   2.9720000000000000e+04
   3.0000000000000000e+04
