   2.0828999999999997e+01
   1.9481999999999999e+01
   1.8355000000000008e+01
   1.7494000000000007e+01
   1.6644499999999997e+01
   1.5771499999999996e+01
   1.4972000000000005e+01
   1.4316500000000008e+01
   1.3659000000000006e+01
   1.3014500000000007e+01
   1.2421999999999995e+01
   1.1868500000000001e+01
   1.1353499999999999e+01
   1.0861500000000001e+01
   1.0394500000000004e+01
   9.9474999999999998e+00
   9.5465000000000000e+00
   9.1385000000000005e+00
   8.7330000000000023e+00
   8.3950000000000031e+00
   8.0125000000000011e+00
   7.6640000000000006e+00
   7.3494999999999973e+00
   7.0459999999999976e+00
   6.7720000000000002e+00
   6.4400000000000004e+00
   6.1725000000000003e+00
   5.9410000000000052e+00
   5.7350000000000021e+00
   5.4920000000000018e+00
   5.2705000000000037e+00
   5.0469999999999997e+00
   4.8455000000000004e+00
   4.6420000000000021e+00
   4.4339999999999993e+00
   4.2465000000000011e+00
   4.0995000000000026e+00
   3.9459999999999993e+00
   3.7960000000000012e+00
   3.6619999999999995e+00
   3.5219999999999998e+00
   3.4330000000000012e+00
   3.3034999999999997e+00
   3.1689999999999992e+00
   3.0210000000000008e+00
   2.9075000000000002e+00
   2.8024999999999975e+00
   2.6824999999999992e+00
   2.5769999999999986e+00
   2.4979999999999980e+00
   2.4224999999999994e+00
   2.3159999999999981e+00
   2.2274999999999987e+00
   2.1444999999999990e+00
   2.0779999999999976e+00
   2.0059999999999980e+00
   1.9234999999999984e+00
   1.8514999999999988e+00
   1.7994999999999979e+00
   1.7349999999999983e+00
   1.6579999999999979e+00
   1.6044999999999985e+00
   1.5204999999999984e+00
   1.4559999999999989e+00
   1.4144999999999988e+00
   1.3619999999999974e+00
   1.3119999999999983e+00
   1.2594999999999987e+00
   1.2129999999999983e+00
   1.1679999999999979e+00
   1.1204999999999976e+00
   1.0729999999999975e+00
   1.0409999999999977e+00
   9.9549999999999728e-01
   9.6649999999999803e-01
   9.4149999999999734e-01
   9.0449999999999808e-01
   8.7349999999999794e-01
   8.3799999999999797e-01
   8.0999999999999761e-01
   7.8049999999999808e-01
   7.4799999999999789e-01
   7.3149999999999726e-01
   7.0849999999999724e-01
   6.7649999999999777e-01
   6.5849999999999764e-01
   6.3449999999999751e-01
   6.1099999999999777e-01
   5.8999999999999764e-01
   5.7499999999999774e-01
   5.6049999999999778e-01
   5.4199999999999793e-01
   5.2049999999999774e-01
   4.9849999999999772e-01
   4.9149999999999744e-01
   4.7499999999999681e-01
   4.5549999999999718e-01
   4.4549999999999707e-01
   4.2449999999999671e-01
   4.1799999999999693e-01
   4.0749999999999725e-01
