   2.1831999999999994e+01
   2.0444499999999994e+01
   1.9160499999999999e+01
   1.8034500000000001e+01
   1.6992500000000003e+01
   1.6143499999999996e+01
   1.5249499999999998e+01
   1.4525500000000001e+01
   1.3902999999999999e+01
   1.3214500000000003e+01
   1.2605000000000002e+01
   1.2015499999999999e+01
   1.1420000000000005e+01
   1.0886500000000002e+01
   1.0418500000000000e+01
   9.9420000000000002e+00
   9.5700000000000038e+00
   9.1235000000000053e+00
   8.7129999999999974e+00
   8.3935000000000013e+00
   8.0314999999999959e+00
   7.7089999999999996e+00
   7.3730000000000011e+00
   7.0449999999999982e+00
   6.7540000000000022e+00
   6.4954999999999998e+00
   6.2430000000000030e+00
   6.0260000000000025e+00
   5.7755000000000010e+00
   5.5460000000000003e+00
   5.3210000000000024e+00
   5.1224999999999996e+00
   4.9110000000000031e+00
   4.7559999999999993e+00
   4.5570000000000004e+00
   4.3915000000000006e+00
   4.1940000000000008e+00
   4.0374999999999996e+00
   3.8705000000000016e+00
   3.7009999999999996e+00
   3.5595000000000012e+00
   3.4174999999999995e+00
   3.2820000000000018e+00
   3.1579999999999986e+00
   3.0260000000000002e+00
   2.9219999999999997e+00
   2.8189999999999986e+00
   2.7194999999999987e+00
   2.6154999999999990e+00
   2.5094999999999970e+00
   2.4184999999999985e+00
   2.3559999999999985e+00
   2.2509999999999981e+00
   2.1749999999999998e+00
   2.1019999999999994e+00
   2.0104999999999986e+00
   1.9329999999999998e+00
   1.8619999999999985e+00
   1.7809999999999986e+00
   1.7254999999999994e+00
   1.6659999999999988e+00
   1.6054999999999986e+00
   1.5589999999999977e+00
   1.4944999999999979e+00
   1.4324999999999983e+00
   1.3679999999999983e+00
   1.3274999999999988e+00
   1.2624999999999984e+00
   1.2234999999999983e+00
   1.1759999999999977e+00
   1.1284999999999983e+00
   1.0804999999999980e+00
   1.0379999999999978e+00
   1.0044999999999975e+00
   9.7599999999999842e-01
   9.3449999999999822e-01
   9.0849999999999798e-01
   8.6999999999999800e-01
   8.2349999999999779e-01
   7.9499999999999726e-01
   7.7949999999999742e-01
   7.6099999999999834e-01
   7.3199999999999832e-01
   7.0899999999999830e-01
   6.8499999999999717e-01
   6.5849999999999786e-01
   6.3349999999999762e-01
   6.2049999999999794e-01
   6.0849999999999782e-01
   5.7449999999999735e-01
   5.5749999999999766e-01
   5.4349999999999765e-01
   5.1749999999999730e-01
   4.9299999999999755e-01
   4.7099999999999764e-01
   4.6799999999999725e-01
   4.4299999999999734e-01
   4.2549999999999727e-01
   4.0699999999999759e-01
   3.9749999999999736e-01
   3.8999999999999729e-01
