   2.1831999999999994e+01
   1.8890500000000007e+01
   1.6639500000000009e+01
   1.4667000000000005e+01
   1.3078499999999998e+01
   1.1930500000000000e+01
   1.0882999999999997e+01
   9.9774999999999991e+00
   9.2234999999999996e+00
   8.4709999999999983e+00
   7.7779999999999987e+00
   7.1440000000000001e+00
   6.5094999999999974e+00
   5.9630000000000010e+00
   5.4814999999999987e+00
   5.0209999999999981e+00
   4.6320000000000014e+00
   4.2015000000000011e+00
   3.8579999999999997e+00
   3.5600000000000005e+00
   3.2675000000000010e+00
   3.0070000000000006e+00
   2.8090000000000002e+00
   2.6234999999999995e+00
   2.4509999999999992e+00
   2.3054999999999994e+00
   2.1799999999999993e+00
   2.0454999999999974e+00
   1.9139999999999986e+00
   1.8104999999999973e+00
   1.7274999999999989e+00
   1.6349999999999989e+00
   1.5354999999999976e+00
   1.4759999999999989e+00
   1.4094999999999986e+00
   1.3409999999999982e+00
   1.2864999999999980e+00
   1.2344999999999984e+00
   1.1869999999999976e+00
   1.1479999999999984e+00
   1.1144999999999980e+00
   1.0704999999999980e+00
   1.0274999999999981e+00
   9.8549999999999816e-01
   9.5149999999999779e-01
   9.2399999999999705e-01
   8.8299999999999723e-01
   8.4899999999999876e-01
   8.2149999999999779e-01
   7.9049999999999787e-01
   7.5649999999999773e-01
   7.3749999999999782e-01
   7.0899999999999774e-01
   6.9099999999999762e-01
   6.7799999999999783e-01
   6.6149999999999776e-01
   6.4249999999999741e-01
   6.1749999999999783e-01
   5.9499999999999764e-01
   5.8349999999999802e-01
   5.6749999999999767e-01
   5.4949999999999721e-01
   5.2949999999999753e-01
   5.1449999999999785e-01
   5.0199999999999723e-01
   4.8549999999999749e-01
   4.7199999999999698e-01
   4.5699999999999769e-01
   4.4249999999999706e-01
   4.2849999999999761e-01
   4.1449999999999759e-01
   3.9699999999999774e-01
   3.8349999999999773e-01
   3.7599999999999784e-01
   3.5949999999999788e-01
   3.4849999999999781e-01
   3.3699999999999730e-01
   3.2649999999999735e-01
   3.1499999999999728e-01
   3.1249999999999767e-01
   2.9699999999999727e-01
   2.8499999999999703e-01
   2.7549999999999730e-01
   2.6349999999999707e-01
   2.5799999999999712e-01
   2.4799999999999722e-01
   2.3599999999999718e-01
   2.2699999999999740e-01
   2.1849999999999745e-01
   2.0699999999999741e-01
   1.9849999999999768e-01
   1.8599999999999767e-01
   1.7649999999999771e-01
   1.7249999999999766e-01
   1.6049999999999737e-01
   1.5399999999999725e-01
   1.4999999999999797e-01
   1.4149999999999721e-01
   1.3499999999999784e-01
   1.2749999999999745e-01
   1.1599999999999761e-01
