   2.0828999999999997e+01
   1.7500500000000009e+01
   1.4888999999999996e+01
   1.2956999999999999e+01
   1.1570499999999999e+01
   1.0437999999999999e+01
   9.4614999999999956e+00
   8.6715000000000000e+00
   7.9170000000000007e+00
   7.2904999999999998e+00
   6.6539999999999990e+00
   6.1234999999999991e+00
   5.6345000000000001e+00
   5.1924999999999999e+00
   4.8214999999999986e+00
   4.4665000000000008e+00
   4.1325000000000003e+00
   3.8300000000000005e+00
   3.5515000000000017e+00
   3.2660000000000009e+00
   3.0499999999999998e+00
   2.8525000000000000e+00
   2.6459999999999990e+00
   2.4454999999999996e+00
   2.2799999999999980e+00
   2.1479999999999984e+00
   2.0309999999999975e+00
   1.8979999999999984e+00
   1.7829999999999990e+00
   1.6904999999999992e+00
   1.5709999999999980e+00
   1.4899999999999982e+00
   1.3954999999999984e+00
   1.3114999999999986e+00
   1.2479999999999982e+00
   1.1874999999999971e+00
   1.1139999999999979e+00
   1.0639999999999976e+00
   9.9299999999999800e-01
   9.4099999999999762e-01
   8.9099999999999735e-01
   8.4749999999999770e-01
   8.0749999999999733e-01
   7.6049999999999718e-01
   7.2199999999999809e-01
   6.8899999999999739e-01
   6.6499999999999804e-01
   6.2649999999999817e-01
   6.1199999999999799e-01
   5.7449999999999779e-01
   5.5999999999999772e-01
   5.3149999999999775e-01
   5.0199999999999734e-01
   4.8299999999999693e-01
   4.6199999999999714e-01
   4.4049999999999750e-01
   4.2499999999999744e-01
   4.1049999999999770e-01
   3.9799999999999747e-01
   3.7699999999999734e-01
   3.6199999999999777e-01
   3.5449999999999759e-01
   3.4049999999999719e-01
   3.2699999999999774e-01
   3.1699999999999784e-01
   3.0999999999999744e-01
   2.9799999999999754e-01
   2.9399999999999737e-01
   2.7999999999999736e-01
   2.7099999999999713e-01
   2.6099999999999768e-01
   2.5999999999999746e-01
   2.4699999999999761e-01
   2.4199999999999736e-01
   2.3549999999999760e-01
   2.2999999999999748e-01
   2.2849999999999770e-01
   2.2399999999999776e-01
   2.1849999999999759e-01
   2.1199999999999788e-01
   2.0649999999999735e-01
   2.0249999999999715e-01
   1.9849999999999732e-01
   1.9149999999999714e-01
   1.8649999999999722e-01
   1.8449999999999725e-01
   1.7949999999999697e-01
   1.7699999999999705e-01
   1.7199999999999693e-01
   1.6399999999999720e-01
   1.5749999999999739e-01
   1.5549999999999745e-01
   1.5199999999999758e-01
   1.4699999999999722e-01
   1.4299999999999730e-01
   1.4149999999999760e-01
   1.3699999999999732e-01
   1.3249999999999748e-01
   1.3049999999999759e-01
   1.2699999999999753e-01
   1.2549999999999739e-01
