   1.9541053307344832e+01
   1.8357477078645289e+01
   1.7359332572585991e+01
   1.6516207491179561e+01
   1.5700266684537027e+01
   1.5001613191100027e+01
   1.4277546848307605e+01
   1.3665864363860562e+01
   1.3066786895491562e+01
   1.2427598352913412e+01
   1.1874939583161543e+01
   1.1372445303641641e+01
   1.0936720711247798e+01
   1.0447092670848932e+01
   1.0006614504913115e+01
   9.5659176251481490e+00
   9.2079676872077041e+00
   8.8256200195526606e+00
   8.4157908593250141e+00
   8.0472555606131664e+00
   7.7081747428225986e+00
   7.3857222548672681e+00
   7.0802557952513583e+00
   6.8587864991188789e+00
   6.5727961814024383e+00
   6.3032899802378335e+00
   6.0636811962770629e+00
   5.8055804833283391e+00
   5.5615082117032433e+00
   5.3576678581301689e+00
   5.1657382241408776e+00
   4.9487130918521736e+00
   4.7624896977935256e+00
   4.5812127506385503e+00
   4.4215091234852633e+00
   4.2390027088738993e+00
   4.0503524924783108e+00
   3.9057470814305439e+00
   3.7470876342228046e+00
   3.6118023358929578e+00
   3.4800443363091826e+00
   3.3372285771462806e+00
   3.2217330125134849e+00
   3.1005063389577177e+00
   2.9836610885985317e+00
   2.8692330876176246e+00
   2.7894751313575230e+00
   2.6851342862390206e+00
   2.5878607813800287e+00
   2.4855932915002055e+00
   2.4122474708708195e+00
   2.3044837778984615e+00
   2.2025922521779284e+00
   2.1195942345589835e+00
   2.0379857060243602e+00
   1.9694679667221551e+00
   1.8921600353871206e+00
   1.8254743639925468e+00
   1.7556219012825043e+00
   1.7003824349213592e+00
   1.6268317435821764e+00
   1.5795030885047112e+00
   1.5292851130322991e+00
   1.4818561770226191e+00
   1.4133997147162869e+00
   1.3617227882244807e+00
   1.3136892865449397e+00
   1.2518411268873251e+00
   1.1947676450972176e+00
   1.1509135224648241e+00
   1.1130822552792232e+00
   1.0567740818900273e+00
   1.0248182533930463e+00
   9.9329357610699576e-01
   9.6811864710742512e-01
   9.3323885905478776e-01
   8.9946208158152863e-01
   8.7445919652816761e-01
   8.4243631757068160e-01
   8.0786344211304562e-01
   7.8792773296476093e-01
   7.7145504500722362e-01
   7.5074844436189514e-01
   7.2949085588321261e-01
   7.1302700349679771e-01
   6.9502609608221921e-01
   6.6190537681563610e-01
   6.4752016626494702e-01
   6.1649440569001979e-01
   5.9438532090414053e-01
   5.6759835586347041e-01
   5.5086943213400497e-01
   5.2976108935768784e-01
   5.0936656232532485e-01
   4.9026311519333243e-01
   4.6464030487492169e-01
   4.4617036919353475e-01
   4.2909058791231097e-01
   4.1968708500352397e-01
   4.0647014507738383e-01
   3.8838236260621495e-01
