   2.0012165825686129e+01
   1.8711797329963218e+01
   1.7635544666502359e+01
   1.6805703316428094e+01
   1.6030891167541917e+01
   1.5261939205370343e+01
   1.4601185313078773e+01
   1.3905181597816036e+01
   1.3275900612858814e+01
   1.2671531562673922e+01
   1.2141046160980594e+01
   1.1616407493901239e+01
   1.1128714471986981e+01
   1.0642006997540236e+01
   1.0170656329469960e+01
   9.7310563166246684e+00
   9.2957183307866913e+00
   8.9108677384360266e+00
   8.5305995189353006e+00
   8.1751685451600036e+00
   7.8453887161642131e+00
   7.5402905483310727e+00
   7.2005355146336587e+00
   6.9426352742139352e+00
   6.6848255839377435e+00
   6.4113449850338791e+00
   6.1696072761076390e+00
   5.9398159706680254e+00
   5.7564440004432500e+00
   5.5314528501194173e+00
   5.3254962994811317e+00
   5.1172308973766372e+00
   4.9135249571045332e+00
   4.7152016496019709e+00
   4.5505039787977584e+00
   4.4022700618075339e+00
   4.2433876207844810e+00
   4.0773004512919817e+00
   3.9267994425790969e+00
   3.7798331455957470e+00
   3.6652493166612130e+00
   3.5353767833921790e+00
   3.4106090612884872e+00
   3.2931805148176392e+00
   3.1768943037201947e+00
   3.0570912257656819e+00
   2.9473301546407962e+00
   2.8104231710492029e+00
   2.7011589390682169e+00
   2.5927043967031635e+00
   2.5061098445177192e+00
   2.4158883528361850e+00
   2.3068464925653744e+00
   2.2535776680213977e+00
   2.1651164450295082e+00
   2.0845638076399751e+00
   2.0103145508705551e+00
   1.9352120248207105e+00
   1.8654905549608294e+00
   1.7940579540259953e+00
   1.7117810196082230e+00
   1.6575255242573681e+00
   1.6044774587755297e+00
   1.5470590130161235e+00
   1.4823081709808652e+00
   1.4294399146778782e+00
   1.3894456614212580e+00
   1.3453595626309964e+00
   1.2995143511707095e+00
   1.2362561459316070e+00
   1.1847464498122209e+00
   1.1371077611311564e+00
   1.1034137651081639e+00
   1.0751091511767692e+00
   1.0419962732789083e+00
   1.0012350232073253e+00
   9.6407610369843033e-01
   9.2343045466720297e-01
   8.9150294169980970e-01
   8.5501145340134488e-01
   8.3804060141853942e-01
   8.1335058455053777e-01
   7.7883297125523654e-01
   7.5236829334722310e-01
   7.1767270317145848e-01
   6.9793448088701204e-01
   6.7387626057587691e-01
   6.4451684236006634e-01
   6.1169877083687796e-01
   5.9063000922409659e-01
   5.6675732249275013e-01
   5.4503365361966627e-01
   5.2673260868786675e-01
   5.1209268767245242e-01
   4.9078127906988428e-01
   4.8268203645427599e-01
   4.6142653636458864e-01
   4.4505766727177737e-01
   4.3264589943135012e-01
   4.1595154433172410e-01
   4.0479288632683735e-01
