   2.0012165825686129e+01
   1.7045287925221647e+01
   1.4599085993639548e+01
   1.2814654294636778e+01
   1.1379638012968377e+01
   1.0256373768540572e+01
   9.2966530976303741e+00
   8.4356834280391872e+00
   7.7635199401280275e+00
   7.1298826349306292e+00
   6.5534702886408871e+00
   6.0360635586660081e+00
   5.5842710638740902e+00
   5.1991906200569034e+00
   4.8447434376600977e+00
   4.4835292791230916e+00
   4.1658578054489217e+00
   3.8664131180840009e+00
   3.5738379854219442e+00
   3.2961384082882388e+00
   3.0877284404674348e+00
   2.8407485892149742e+00
   2.6247988724383440e+00
   2.4556663818632929e+00
   2.3046770454149281e+00
   2.1550874504850297e+00
   1.9805365478788541e+00
   1.8756868887642666e+00
   1.7416591468833607e+00
   1.6299363710575665e+00
   1.5122975474326181e+00
   1.3924214439231719e+00
   1.2861090175966370e+00
   1.2166343215470725e+00
   1.1314599515959978e+00
   1.0466889119526983e+00
   9.7438915002225757e-01
   8.9491411640891205e-01
   8.5156645083570504e-01
   7.9028699013463188e-01
   7.5594609454614903e-01
   7.0655753034339597e-01
   6.5869526291432590e-01
   6.1423710959276856e-01
   5.6771850390064815e-01
   5.3295598194825666e-01
   4.9531767082991091e-01
   4.5728822190340612e-01
   4.3245417489913118e-01
   4.1050734182807208e-01
   3.8353740818867765e-01
   3.5086156438916249e-01
   3.2095662327410307e-01
   3.0214997628214535e-01
   2.8383673740943582e-01
   2.6440684665108893e-01
   2.4829542374966934e-01
   2.3410124703098181e-01
   2.1299335343606757e-01
   2.0105070855462687e-01
   1.8811104738222298e-01
   1.7558129650960130e-01
   1.6610869707395870e-01
   1.5489017030517441e-01
   1.4886703226701870e-01
   1.4234284392012639e-01
   1.2962440474840403e-01
   1.2066746408972930e-01
   1.1410058851561314e-01
   1.1237054174360385e-01
   1.0877329777947944e-01
   1.0289411065312688e-01
   9.5211465992318764e-02
   8.7308866439754149e-02
   7.9508103933172175e-02
   7.7653596179242140e-02
   7.0170599340833403e-02
   6.7747895354437107e-02
   6.3150675021382191e-02
   5.5962380876878604e-02
   5.3846808590779165e-02
   5.5658205011724332e-02
   5.4403922176134420e-02
   5.2730002176293228e-02
   4.7891270720910040e-02
   4.8628876839447090e-02
   4.2578638912960348e-02
   4.0481834095490971e-02
   3.6753906675372136e-02
   3.4231026320295149e-02
   3.2442855266119452e-02
   3.3285772785447768e-02
   3.3877421934965644e-02
   2.8577061824957485e-02
   2.8739688435396669e-02
   2.5598225780193468e-02
   2.5215172210914353e-02
   2.3185557397914450e-02
   2.0273709168078739e-02
   1.9760956666965979e-02
   1.9247376563542709e-02
