   2.1964747805247310e+01
   2.0587296554792488e+01
   1.9298681360479041e+01
   1.8182145998622012e+01
   1.7126982500457473e+01
   1.6275632193906958e+01
   1.5387826022077691e+01
   1.4656505233529510e+01
   1.4034788052983155e+01
   1.3344971745073893e+01
   1.2737147186076282e+01
   1.2138070727881225e+01
   1.1535943647057225e+01
   1.1001245777414002e+01
   1.0534013030005321e+01
   1.0057648631901143e+01
   9.6800986701632592e+00
   9.2303049647958915e+00
   8.8218800192223448e+00
   8.5051421388711148e+00
   8.1425820403889340e+00
   7.8147330830368844e+00
   7.4761313274765282e+00
   7.1467982258582063e+00
   6.8522155946390564e+00
   6.5922530831080284e+00
   6.3354389506428976e+00
   6.1167251371178404e+00
   5.8633890916112037e+00
   5.6320575330223859e+00
   5.4048414207798521e+00
   5.2037228975776477e+00
   4.9875499110965480e+00
   4.8322183201286428e+00
   4.6316203184072009e+00
   4.4633586399914043e+00
   4.2640298637595562e+00
   4.1084864654904596e+00
   3.9407416284238668e+00
   3.7692278565106685e+00
   3.6271656030667283e+00
   3.4854846053578052e+00
   3.3486231676269353e+00
   3.2223487970110360e+00
   3.0876911499309099e+00
   2.9858943256360440e+00
   2.8825394572392815e+00
   2.7830081121041252e+00
   2.6762557413008019e+00
   2.5672118188970310e+00
   2.4748747158383830e+00
   2.4126010315071786e+00
   2.3053788617576756e+00
   2.2254399833385370e+00
   2.1517718024912931e+00
   2.0562887937858547e+00
   1.9772970915888652e+00
   1.9050005872640174e+00
   1.8241510150634952e+00
   1.7703538310695541e+00
   1.7083840068941569e+00
   1.6471811792907853e+00
   1.5999753559835619e+00
   1.5337086815268066e+00
   1.4703952237069247e+00
   1.4060756822100071e+00
   1.3649797925352416e+00
   1.2991692492203444e+00
   1.2597890681148791e+00
   1.2101452630667686e+00
   1.1626288038542978e+00
   1.1140515207621713e+00
   1.0695917774751638e+00
   1.0366933473898174e+00
   1.0073620113764354e+00
   9.6555627833856328e-01
   9.3885193402387690e-01
   9.0010084062049578e-01
   8.5229266706589635e-01
   8.2281159557603090e-01
   8.0656235784481967e-01
   7.8683533716568377e-01
   7.5712112073675497e-01
   7.3438969010516431e-01
   7.0933457863147786e-01
   6.8275719720333572e-01
   6.5737948487676579e-01
   6.4389920356064767e-01
   6.3209223250019664e-01
   5.9739077049243328e-01
   5.7938554940427989e-01
   5.6516847311816465e-01
   5.3845419487425306e-01
   5.1390164557824780e-01
   4.9067128861969911e-01
   4.8746921942581156e-01
   4.6277167650754708e-01
   4.4490393326783312e-01
   4.2553225416522106e-01
   4.1630757154644499e-01
   4.0782348921161826e-01
