   1.9541053307344832e+01
   1.6522685510523061e+01
   1.3994905522527114e+01
   1.2164024758428717e+01
   1.0821997575740784e+01
   9.7211140226121238e+00
   8.7902311436302032e+00
   7.9418304476679040e+00
   7.2489061740438201e+00
   6.6065523943278253e+00
   5.9584576241971794e+00
   5.4624648043736546e+00
   5.0078187100172036e+00
   4.6201079719038818e+00
   4.2058767329461189e+00
   3.8577949591832894e+00
   3.5472313565241125e+00
   3.2941315965707041e+00
   3.0489692813464990e+00
   2.8013023933668522e+00
   2.6044354374884136e+00
   2.4463035907767141e+00
   2.2797703948055688e+00
   2.1507628187857506e+00
   1.9967392256472065e+00
   1.8589226702461821e+00
   1.7286248435023113e+00
   1.6047294040407512e+00
   1.5031400912092341e+00
   1.4259189951264712e+00
   1.3439983036251906e+00
   1.2607481739442121e+00
   1.1850550713538217e+00
   1.1137647101924435e+00
   1.0590509445890295e+00
   1.0131150837447509e+00
   9.5297383153595139e-01
   8.9495215703782771e-01
   8.4744905017286898e-01
   8.1212752698825519e-01
   7.6781505465962874e-01
   7.3076179070413971e-01
   7.0189002884331853e-01
   6.7470426594084965e-01
   6.5395851004515793e-01
   6.1583568935050803e-01
   5.8366501646120450e-01
   5.5551328573032466e-01
   5.4381076159887765e-01
   5.1827062988988026e-01
   4.9156150147644773e-01
   4.6592724864350465e-01
   4.4543482363473280e-01
   4.3728199599136353e-01
   4.1076427031240603e-01
   4.0354970280841185e-01
   3.9011512455204544e-01
   3.7581189878674898e-01
   3.5336987142940818e-01
   3.4001859802159340e-01
   3.3386164264316409e-01
   3.2450783318453030e-01
   3.1355461316396083e-01
   2.9967829724248707e-01
   2.8981385228784723e-01
   2.8163048941602331e-01
   2.7348419199439500e-01
   2.6434415226101460e-01
   2.5831737632919299e-01
   2.5424504892518529e-01
   2.4809598916562961e-01
   2.3622397550070579e-01
   2.3040538619805384e-01
   2.2193926218646329e-01
   2.1406791744662076e-01
   2.1540713908330114e-01
   2.1035813767422992e-01
   2.0502134998974725e-01
   2.0396243155576488e-01
   2.0146750672447070e-01
   1.9875408431313624e-01
   1.9675012378628470e-01
   1.8802260582169691e-01
   1.8172065430655138e-01
   1.8260424001177131e-01
   1.7835039316570367e-01
   1.7624852236571567e-01
   1.7519595889807232e-01
   1.7372323945990562e-01
   1.6914229055181454e-01
   1.6615773048136984e-01
   1.6492067503179045e-01
   1.6190385811021510e-01
   1.6025866669537386e-01
   1.5487764829010275e-01
   1.5138112117103072e-01
   1.5312147148777439e-01
   1.4832599935242177e-01
   1.4602402254392299e-01
   1.4375076986514837e-01
   1.4104484892364963e-01
