   2.1964747805247310e+01
   1.9039326546385691e+01
   1.6799097497195646e+01
   1.4811070023659237e+01
   1.3218491440936056e+01
   1.2061239727178185e+01
   1.1011350490785379e+01
   1.0106973243209053e+01
   9.3495620638391816e+00
   8.5933758492712027e+00
   7.8929139335381562e+00
   7.2539363452184942e+00
   6.6160403963790522e+00
   6.0718637829230797e+00
   5.5873435452004792e+00
   5.1175678177983901e+00
   4.7227781177744221e+00
   4.2818604725941540e+00
   3.9363598278856111e+00
   3.6335190485864080e+00
   3.3328752764252427e+00
   3.0681960750045270e+00
   2.8672461686432351e+00
   2.6783158303095482e+00
   2.5058182488231822e+00
   2.3570413681062363e+00
   2.2292776098069171e+00
   2.0925444395537780e+00
   1.9589077618091455e+00
   1.8516101931374418e+00
   1.7679980046895931e+00
   1.6748703707613357e+00
   1.5725727853572029e+00
   1.5136820831953239e+00
   1.4449458970285916e+00
   1.3763580531023951e+00
   1.3218614453633004e+00
   1.2684019307575660e+00
   1.2198112138997570e+00
   1.1803406739558577e+00
   1.1441894277683489e+00
   1.1003404426944692e+00
   1.0573428121051505e+00
   1.0150444793933850e+00
   9.8068466976847302e-01
   9.5261694066334002e-01
   9.1011945144106898e-01
   8.7530416489662854e-01
   8.4801714711104814e-01
   8.1737132638739796e-01
   7.8318233441243190e-01
   7.6404684253324173e-01
   7.3464698182569554e-01
   7.1665682613404480e-01
   7.0313920838013177e-01
   6.8594179852530102e-01
   6.6685402814461214e-01
   6.4167711372936653e-01
   6.1866111757395192e-01
   6.0718837032994877e-01
   5.9057623509722768e-01
   5.7228018587910867e-01
   5.5187304249097380e-01
   5.3639616220235464e-01
   5.2390336905038715e-01
   5.0710591716557174e-01
   4.9397703116869451e-01
   4.7901950466878140e-01
   4.6339385149518653e-01
   4.4900197083406157e-01
   4.3496547968130139e-01
   4.1712360792600339e-01
   4.0319534375573263e-01
   3.9603128865680987e-01
   3.7962203927653404e-01
   3.6823888895996054e-01
   3.5653525691221283e-01
   3.4562815630520261e-01
   3.3431268489826549e-01
   3.3157421708945534e-01
   3.1562468222222023e-01
   3.0261685373026154e-01
   2.9294392169325206e-01
   2.8083296911038952e-01
   2.7464726143037399e-01
   2.6496580041843854e-01
   2.5335080704320140e-01
   2.4386877457183742e-01
   2.3497855968502240e-01
   2.2266731139872334e-01
   2.1404490075213953e-01
   2.0025028796448133e-01
   1.9072146265332562e-01
   1.8595353019647309e-01
   1.7378200346941478e-01
   1.6760852376974975e-01
   1.6312334645668433e-01
   1.5362425151287312e-01
   1.4696586052825983e-01
   1.3901141286995505e-01
   1.2665719276243542e-01
