   2.0956134661765475e+01
   1.7629737263210046e+01
   1.5026478336218082e+01
   1.3096231331374671e+01
   1.1695942841827090e+01
   1.0561617853635198e+01
   9.5820099748585275e+00
   8.7799958105600897e+00
   8.0242432804986930e+00
   7.3908471122120254e+00
   6.7477832230694421e+00
   6.2095451343860590e+00
   5.7174223045136747e+00
   5.2735953267469959e+00
   4.9027971075559851e+00
   4.5426181132958332e+00
   4.2044651114966642e+00
   3.8987918834770738e+00
   3.6149506688202542e+00
   3.3276927872607498e+00
   3.1095903524155553e+00
   2.9117178609078804e+00
   2.7014489482189314e+00
   2.4993849082149473e+00
   2.3313406134152914e+00
   2.1998589773843773e+00
   2.0812206243600264e+00
   1.9463198518293252e+00
   1.8282669969193996e+00
   1.7358532431769393e+00
   1.6115590976729048e+00
   1.5275714806950169e+00
   1.4322017394242774e+00
   1.3473719312909878e+00
   1.2829380403953419e+00
   1.2216370899329558e+00
   1.1475830043596169e+00
   1.0971058907144913e+00
   1.0252554513441374e+00
   9.7272944335719469e-01
   9.2138789631455398e-01
   8.7796255359809861e-01
   8.3677900444021192e-01
   7.8886713669802244e-01
   7.4907378619605680e-01
   7.1479620988525860e-01
   6.9022124325070067e-01
   6.5048921264302417e-01
   6.3552862001044397e-01
   5.9604974278596656e-01
   5.8175390363204327e-01
   5.5209291581632114e-01
   5.2153913451966782e-01
   5.0260751247492719e-01
   4.8010630784666719e-01
   4.5846032383681157e-01
   4.4342949984797120e-01
   4.2804208503783597e-01
   4.1596348709707498e-01
   3.9394345915333456e-01
   3.7731025931863899e-01
   3.6974372697607572e-01
   3.5573709919634006e-01
   3.4167527295703798e-01
   3.3184294887524268e-01
   3.2387170654332670e-01
   3.1096693541826098e-01
   3.0693495772366741e-01
   2.9294900643588917e-01
   2.8404963330108757e-01
   2.7319744964235237e-01
   2.7310408988511242e-01
   2.5867359101873422e-01
   2.5377911179789936e-01
   2.4692155944702671e-01
   2.4061255212595953e-01
   2.3914237290316645e-01
   2.3469503802629008e-01
   2.2922274557784622e-01
   2.2242336148497310e-01
   2.1686347022726754e-01
   2.1283223356806222e-01
   2.0880972376159268e-01
   2.0184883978272086e-01
   1.9647104393590067e-01
   1.9433949473121470e-01
   1.8914247233479120e-01
   1.8608489700190922e-01
   1.8079967859835172e-01
   1.7258939915114732e-01
   1.6597977391541319e-01
   1.6375401646949811e-01
   1.6019337007166606e-01
   1.5497154028688370e-01
   1.5110349718742608e-01
   1.4960458780162844e-01
   1.4515320473646431e-01
   1.4055207169527312e-01
   1.3866171773363900e-01
   1.3486309626217588e-01
   1.3358712032502748e-01
