   2.0956134661765475e+01
   1.9600395246287317e+01
   1.8474349034010309e+01
   1.7617887534530812e+01
   1.6769124476331935e+01
   1.5895024125562413e+01
   1.5091058427215003e+01
   1.4432304291105234e+01
   1.3776269826132785e+01
   1.3127992079107766e+01
   1.2533546339512261e+01
   1.1981168851960160e+01
   1.1463107322526895e+01
   1.0969631175014893e+01
   1.0499748371469448e+01
   1.0053221128780898e+01
   9.6526855984262045e+00
   9.2432769516447184e+00
   8.8332149709576413e+00
   8.4934308709889184e+00
   8.1071001019710316e+00
   7.7587406880901657e+00
   7.4402390948452366e+00
   7.1359710391114133e+00
   6.8593843246928206e+00
   6.5283176086632784e+00
   6.2583862737589779e+00
   6.0256722140869403e+00
   5.8177357360528230e+00
   5.5766553320974266e+00
   5.3561322150982145e+00
   5.1305265033847141e+00
   4.9291783614909983e+00
   4.7237260761027464e+00
   4.5136928446910352e+00
   4.3247260871261686e+00
   4.1771826456445957e+00
   4.0223619768939454e+00
   3.8684453120106705e+00
   3.7311912880602338e+00
   3.5915088105744495e+00
   3.5000753383152197e+00
   3.3706356797459405e+00
   3.2339505639511748e+00
   3.0853192008342742e+00
   2.9695987117418712e+00
   2.8641661547890278e+00
   2.7416239709372929e+00
   2.6351812736716931e+00
   2.5575772989103593e+00
   2.4805985535034383e+00
   2.3704526483202675e+00
   2.2809155379732298e+00
   2.1983277039931259e+00
   2.1297536901529175e+00
   2.0577973908316771e+00
   1.9733657541238803e+00
   1.9030686019499325e+00
   1.8482753818927917e+00
   1.7835938641843132e+00
   1.7038682786890766e+00
   1.6507595608463466e+00
   1.5651258010708153e+00
   1.5004113007731539e+00
   1.4566774450232203e+00
   1.4026085028663986e+00
   1.3513130404766029e+00
   1.2991047071480490e+00
   1.2513802084939656e+00
   1.2041919685269873e+00
   1.1572223750359731e+00
   1.1101756681584893e+00
   1.0764080114201167e+00
   1.0292256833462501e+00
   9.9949108388885533e-01
   9.7344894127329851e-01
   9.3419623143794595e-01
   9.0279693851003018e-01
   8.6600721407787518e-01
   8.3714532532257735e-01
   8.0724132541308269e-01
   7.7364245217476768e-01
   7.5749198594438660e-01
   7.3405500109191824e-01
   7.0209844337123239e-01
   6.8396591106287985e-01
   6.5873261638720793e-01
   6.3399077548878369e-01
   6.1199632659873648e-01
   5.9704792759220271e-01
   5.8175239142812041e-01
   5.6229728548303226e-01
   5.4073966253161965e-01
   5.1828999594223946e-01
   5.1134860629155277e-01
   4.9445598503122445e-01
   4.7428768939298194e-01
   4.6431723634964162e-01
   4.4241527478736942e-01
   4.3519642903968919e-01
   4.2385118072528777e-01
